Step,L2_Sans,L2_Avec,L2_Adapt,Entropy_Sans,Entropy_Avec,Entropy_Adapt
1,0.000000,0.000000,0.000000,5.184797,5.184797,4.985399
3,10093.936959,583.825408,51027.591576,3.617178,3.634865,3.420572
5,14693.720097,1011.213559,50226.045451,2.906459,2.955144,2.711881
7,18488.980021,1431.896813,52232.433030,2.446887,2.535378,2.254827
9,21318.174917,1849.000338,52915.050023,2.109606,2.247314,1.922293
11,23725.916062,2254.429070,53458.592021,1.846364,2.026977,1.664501
13,25828.689933,2664.784566,54495.417766,1.634191,1.851327,1.457217
15,28035.178660,3104.636457,55539.221469,1.457967,1.721834,1.287362
17,29624.311864,3560.610783,53912.760229,1.312229,1.615791,1.146279
19,30790.460763,3952.564085,56038.919255,1.189195,1.504551,1.028653
